Peptide_Order,Peptide,Peptide_Mass,Modifications,Proteins,Protein_Type
,Spectrum_Order,Title,Charge,Precursor_Mass,Evalue,Score,Precursor_Mass_Error(Da),Precursor_Mass_Error(ppm),Alpha_Evalue,Beta_Evalue
1,AQCNTKQCPCYLAVR(6)-GPLGSMAPQK(1),2991.430610,Carbamidomethyl[C](3);Carbamidomethyl[C](8);Carbamidomethyl[C](10),HMBP_PrS_EZH2(iso2-BsaI)_CD136(578)-HMBP_PrS_SUZ12_CD137(1)/,Inter-Protein
,1,F1VL20180321_SF_PRC2_5m_4.11416.11416.3.1.dta,3,2991.434037,1.000000e+000,1.027776e-003,0.003427,1.145606,1.000000e+000,1.000000e+000
2,ATWETILDGKR(10)-GPLGSGQTGK(1),2328.219292,null,HMBP_PrS_SUZ12_CD137(346)-HMBP_PrS_EZH2(iso2-BsaI)_CD136(1)/HMBP_PrS_JAZF1-SUZ12(377)-HMBP_PrS_EZH2(iso2-BsaI)_CD136(1)/,Inter-Protein
,1,F1VL20180321_SF_PRC2_5m_4.14471.14471.3.0.dta,3,2328.221929,1.000000e+000,1.947363e-015,0.002637,1.132625,1.000000e+000,1.000000e+000
3,ATWETILDGKR(10)-HQLKTK(4),2181.202525,null,HMBP_PrS_SUZ12_CD137(346)-HMBP_PrS_AEBP2_CD140(475)/HMBP_PrS_JAZF1-SUZ12(377)-HMBP_PrS_AEBP2_CD140(475)/,Inter-Protein
,1,F1VL20180321_SF_PRC2_5m_4.9028.9028.4.0.dta,4,2181.204971,1.000000e+000,1.362833e-009,0.002446,1.121400,1.000000e+000,1.000000e+000
,2,F1VL20180321_SF_PRC2_5m_4.9018.9018.3.0.dta,3,2181.205600,1.000000e+000,2.118300e-001,0.003075,1.409773,1.000000e+000,1.000000e+000
4,DPVQKNEFISEYCGEIISQDEADRR(5)-AQCNTKQCPCYLAVR(6),5004.301696,Carbamidomethyl[C](13);Carbamidomethyl[C](31);Carbamidomethyl[C](36);Carbamidomethyl[C](38),HMBP_PrS_EZH2(iso2-BsaI)_CD136(643)-HMBP_PrS_EZH2(iso2-BsaI)_CD136(578)/,Intra-Protein
,1,F1VL20180321_SF_PRC2_5m_4.13451.13451.5.0.dta,5,5004.309866,1.000000e+000,9.691228e-012,0.008170,1.632595,1.000000e+000,1.000000e+000
5,DPVQKNEFISEYCGEIISQDEADRR(5)-IGIFAKR(6),3939.954360,Carbamidomethyl[C](13),HMBP_PrS_EZH2(iso2-BsaI)_CD136(643)-HMBP_PrS_EZH2(iso2-BsaI)_CD136(722)/HMBP_PrS_EZH2(iso2-BsaI)_CD136(643)-HMBP_PrS_EZH1(713)/,Intra-Protein
,1,F1VL20180321_SF_PRC2_5m_4.14901.14901.5.0.dta,5,3939.954143,1.000000e+000,7.079235e-009,-0.000217,-0.055077,1.000000e+000,1.000000e+000
,2,F1VL20180321_SF_PRC2_5m_4.14913.14913.5.0.dta,5,3939.952917,1.000000e+000,5.103850e-007,-0.001443,-0.366248,1.000000e+000,1.000000e+000
,3,F1VL20180321_SF_PRC2_5m_4.14896.14896.4.0.dta,4,3939.953466,1.000000e+000,1.441968e-006,-0.000894,-0.226906,1.000000e+000,1.000000e+000
,4,F1VL20180321_SF_PRC2_5m_4.14907.14907.4.0.dta,4,3939.951935,1.000000e+000,1.828101e-004,-0.002425,-0.615489,1.000000e+000,1.000000e+000
6,ESYDYNPNKTNRPFISQK(9)-GPLGSSER(1),3140.528190,null,HMBP_PrS_EED_CD138(288)-HMBP_PrS_EED_CD138(1)/,Intra-Protein
,1,F1VL20180321_SF_PRC2_5m_4.9137.9137.4.0.dta,4,3140.534421,1.000000e+000,1.129941e-009,0.006231,1.984061,1.000000e+000,1.000000e+000
7,EVSTAPAGTDMPAAKK(15)-GPLGSGQTGK(1),2612.323485,null,HMBP_PrS_EED_CD138(23)-HMBP_PrS_EZH2(iso2-BsaI)_CD136(1)/,Inter-Protein
,1,F1VL20180321_SF_PRC2_5m_4.8356.8356.3.0.dta,3,2612.326156,1.000000e+000,5.709375e-003,0.002671,1.022461,1.000000e+000,1.000000e+000
8,EVSTAPAGTDMPAAKK(15)-GPLGSSER(1),2513.255076,null,HMBP_PrS_EED_CD138(23)-HMBP_PrS_EED_CD138(1)/,Intra-Protein
,1,F1VL20180321_SF_PRC2_5m_4.8671.8671.3.0.dta,3,2513.264510,1.000000e+000,2.632466e-012,0.009434,3.753698,1.000000e+000,1.000000e+000
,2,F1VL20180321_SF_PRC2_5m_4.8594.8594.3.0.dta,3,2513.262315,1.000000e+000,8.316943e-007,0.007239,2.880328,1.000000e+000,1.000000e+000
,3,F1VL20180321_SF_PRC2_5m_4.8675.8675.3.0.dta,3,2513.263557,1.000000e+000,3.888823e-006,0.008481,3.374508,1.000000e+000,1.000000e+000
,4,F1VL20180321_SF_PRC2_5m_4.8567.8567.3.0.dta,3,2513.259568,1.000000e+000,1.452391e-005,0.004492,1.787324,1.000000e+000,1.000000e+000
,5,F1VL20180321_SF_PRC2_5m_4.8573.8573.3.0.dta,3,2513.260361,1.000000e+000,2.615615e-005,0.005285,2.102851,1.000000e+000,1.000000e+000
,6,F1VL20180321_SF_PRC2_5m_4.8691.8691.3.0.dta,3,2513.259985,1.000000e+000,3.353635e-004,0.004909,1.953244,1.000000e+000,1.000000e+000
,7,F1VL20180321_SF_PRC2_5m_4.8622.8622.3.0.dta,3,2513.263929,1.000000e+000,1.635661e-001,0.008853,3.522523,1.000000e+000,1.000000e+000
9,FANHSVNPNCYAKVMMVNGDHR(13)-IGIFAKR(6),3502.729153,Carbamidomethyl[C](10),HMBP_PrS_EZH2(iso2-BsaI)_CD136(707)-HMBP_PrS_EZH2(iso2-BsaI)_CD136(722)/HMBP_PrS_EZH2(iso2-BsaI)_CD136(707)-HMBP_PrS_EZH1(713)/,Intra-Protein
,1,F1VL20180321_SF_PRC2_5m_4.10624.10624.4.0.dta,4,3502.738308,1.000000e+000,1.401293e-007,0.009155,2.613676,1.000000e+000,1.000000e+000
,2,F1VL20180321_SF_PRC2_5m_4.10623.10623.5.1.dta,5,3502.734252,1.000000e+000,2.132074e-007,0.005099,1.455722,1.000000e+000,1.000000e+000
10,FSMDFWQKMLALGNQVGK(8)-GPLGSSER(1),3039.506536,null,HMBP_PrS_EED_CD138(379)-HMBP_PrS_EED_CD138(1)/,Intra-Protein
,1,F1VL20180321_SF_PRC2_5m_4.20838.20838.3.0.dta,3,3039.511370,1.000000e+000,2.465271e-020,0.004834,1.590390,1.000000e+000,1.000000e+000
,2,F1VL20180321_SF_PRC2_5m_4.20841.20841.3.0.dta,3,3039.511370,1.000000e+000,6.091300e-016,0.004834,1.590390,1.000000e+000,1.000000e+000
,3,F1VL20180321_SF_PRC2_5m_4.20844.20844.3.0.dta,3,3039.511279,1.000000e+000,1.912490e-013,0.004743,1.560451,1.000000e+000,1.000000e+000
11,FSMDFWQKMLALGNQVGK(8)-SWGKGK(4),2899.463222,null,HMBP_PrS_EED_CD138(379)-HMBP_PrS_EED_CD138(74)/,Intra-Protein
,1,F1VL20180321_SF_PRC2_5m_4.19154.19154.4.0.dta,4,2899.465002,1.000000e+000,4.045220e-011,0.001780,0.613907,1.000000e+000,1.000000e+000
12,GCKVYNTPSTSQSWLQR(3)-GPLGSSER(1),2951.431459,Carbamidomethyl[C](2),HMBP_PrS_AEBP2_CD140(307)-HMBP_PrS_EED_CD138(1)/,Inter-Protein
,1,F1VL20180321_SF_PRC2_5m_4.11441.11441.3.0.dta,3,2951.438348,1.000000e+000,7.208643e-008,0.006889,2.334122,1.000000e+000,1.000000e+000
13,GCKVYNTPSTSQSWLQR(3)-HMLTHSGDKPFK(9),3546.725507,Carbamidomethyl[C](2),HMBP_PrS_AEBP2_CD140(307)-HMBP_PrS_AEBP2_CD140(330)/,Intra-Protein
,1,F1VL20180321_SF_PRC2_5m_4.8272.8272.5.0.dta,5,3546.739607,1.000000e+000,9.408811e-017,0.014100,3.975498,1.000000e+000,1.000000e+000
,2,F1VL20180321_SF_PRC2_5m_4.8251.8251.5.0.dta,5,3546.740878,1.000000e+000,1.078074e-015,0.015371,4.333857,1.000000e+000,1.000000e+000
,3,F1VL20180321_SF_PRC2_5m_4.8249.8249.4.0.dta,4,3546.733464,1.000000e+000,1.103427e-012,0.007957,2.243478,1.000000e+000,1.000000e+000
,4,F1VL20180321_SF_PRC2_5m_4.8264.8264.5.0.dta,5,3546.740223,1.000000e+000,2.072667e-011,0.014716,4.149179,1.000000e+000,1.000000e+000
,5,F1VL20180321_SF_PRC2_5m_4.8261.8261.3.0.dta,3,3546.731964,1.000000e+000,1.137993e-009,0.006457,1.820553,1.000000e+000,1.000000e+000
,6,F1VL20180321_SF_PRC2_5m_4.8265.8265.4.0.dta,4,3546.733434,1.000000e+000,5.765518e-007,0.007927,2.235019,1.000000e+000,1.000000e+000
,7,F1VL20180321_SF_PRC2_5m_4.8277.8277.3.0.dta,3,3546.731819,1.000000e+000,1.376746e-001,0.006312,1.779670,1.000000e+000,1.000000e+000
14,GPLGSAAAITDMADLEELSR(1)-AKEESPSK(2),3029.498196,null,HMBP_PrS_AEBP2_CD140(1)-HMBP_PrS_AEBP2_CD140(372)/,Intra-Protein
,1,F1VL20180321_SF_PRC2_5m_4.17100.17100.3.0.dta,3,3029.502869,1.000000e+000,3.072375e-010,0.004673,1.542500,1.000000e+000,1.000000e+000
,2,F1VL20180321_SF_PRC2_5m_4.17109.17109.3.0.dta,3,3029.502385,1.000000e+000,1.804468e-009,0.004189,1.382737,1.000000e+000,1.000000e+000
,3,F1VL20180321_SF_PRC2_5m_4.17105.17105.3.0.dta,3,3029.502869,1.000000e+000,5.920766e-009,0.004673,1.542500,1.000000e+000,1.000000e+000
15,GPLGSAAAITDMADLEELSR(1)-EKALETDSVSGVSK(2),3603.794409,null,HMBP_PrS_AEBP2_CD140(1)-HMBP_PrS_SUZ12_CD137(725)/HMBP_PrS_AEBP2_CD140(1)-HMBP_PrS_JAZF1-SUZ12(756)/,Inter-Protein
,1,F1VL20180321_SF_PRC2_5m_4.18752.18752.3.0.dta,3,3603.798963,1.000000e+000,1.722422e-003,0.004554,1.263668,1.000000e+000,1.000000e+000
16,GPLGSAAAITDMADLEELSR(1)-GCKVYNTPSTSQSWLQR(3),4166.016691,Carbamidomethyl[C](25),HMBP_PrS_AEBP2_CD140(1)-HMBP_PrS_AEBP2_CD140(307)/,Intra-Protein
,1,F1VL20180321_SF_PRC2_5m_4.18755.18755.4.0.dta,4,4166.025430,1.000000e+000,7.700202e-017,0.008739,2.097687,1.000000e+000,1.000000e+000
,2,F1VL20180321_SF_PRC2_5m_4.18766.18766.3.0.dta,3,4166.020023,1.000000e+000,1.483080e-012,0.003332,0.799805,1.000000e+000,1.000000e+000
,3,F1VL20180321_SF_PRC2_5m_4.18754.18754.3.0.dta,3,4166.020758,1.000000e+000,1.360206e-011,0.004067,0.976232,1.000000e+000,1.000000e+000
,4,F1VL20180321_SF_PRC2_5m_4.18748.18748.3.0.dta,3,4166.021186,1.000000e+000,4.858389e-005,0.004495,1.078968,1.000000e+000,1.000000e+000
17,GPLGSAAAITDMADLEELSR(1)-GPLGSADKEAAFDDAVEER(1),4130.970849,null,HMBP_PrS_AEBP2_CD140(1)-HMBP_PrS_RBBP4_CD139(1)/,Inter-Protein
,1,F1VL20180321_SF_PRC2_5m_4.20291.20291.4.0.dta,4,4130.970612,1.000000e+000,8.363370e-016,-0.000237,-0.057372,1.000000e+000,1.000000e+000
,2,F1VL20180321_SF_PRC2_5m_4.20320.20320.3.0.dta,3,4130.969777,1.000000e+000,1.118187e-004,-0.001072,-0.259503,1.000000e+000,1.000000e+000
18,GPLGSAAAITDMADLEELSR(1)-GPLGSGQTGK(1),3055.525077,null,HMBP_PrS_AEBP2_CD140(1)-HMBP_PrS_EZH2(iso2-BsaI)_CD136(1)/,Inter-Protein
,1,F1VL20180321_SF_PRC2_5m_4.20688.20688.3.0.dta,3,3055.529505,1.000000e+000,1.750352e-019,0.004428,1.449178,1.000000e+000,1.000000e+000
,2,F1VL20180321_SF_PRC2_5m_4.20734.20734.3.0.dta,3,3055.529470,1.000000e+000,5.006196e-015,0.004393,1.437723,1.000000e+000,1.000000e+000
,3,F1VL20180321_SF_PRC2_5m_4.20735.20735.3.0.dta,3,3055.529470,1.000000e+000,2.231895e-010,0.004393,1.437723,1.000000e+000,1.000000e+000
,4,F1VL20180321_SF_PRC2_5m_4.20697.20697.3.0.dta,3,3055.529842,1.000000e+000,3.395839e-010,0.004765,1.559470,1.000000e+000,1.000000e+000
,5,F1VL20180321_SF_PRC2_5m_4.20682.20682.3.0.dta,3,3055.529323,1.000000e+000,6.887794e-010,0.004246,1.389614,1.000000e+000,1.000000e+000
19,GPLGSAAAITDMADLEELSR(1)-GPLGSGQTGKK(1),3183.620033,null,HMBP_PrS_AEBP2_CD140(1)-HMBP_PrS_EZH2(iso2-BsaI)_CD136(1)/,Inter-Protein
,1,F1VL20180321_SF_PRC2_5m_4.18476.18476.3.0.dta,3,3183.624097,1.000000e+000,5.580465e-004,0.004064,1.276534,1.000000e+000,1.000000e+000
20,GPLGSAAAITDMADLEELSR(1)-GPLGSMAPQK(1),3139.564830,null,HMBP_PrS_AEBP2_CD140(1)-HMBP_PrS_SUZ12_CD137(1)/,Inter-Protein
,1,F1VL20180321_SF_PRC2_5m_4.21033.21033.3.0.dta,3,3139.570735,1.000000e+000,4.462867e-014,0.005905,1.880834,1.000000e+000,1.000000e+000
,2,F1VL20180321_SF_PRC2_5m_4.21050.21050.3.0.dta,3,3139.570840,1.000000e+000,7.398195e-011,0.006010,1.914278,1.000000e+000,1.000000e+000
21,GPLGSAAAITDMADLEELSR(1)-GPLGSSER(1),2956.456668,null,HMBP_PrS_AEBP2_CD140(1)-HMBP_PrS_EED_CD138(1)/,Inter-Protein
,1,F1VL20180321_SF_PRC2_5m_4.20863.20863.3.0.dta,3,2956.462630,1.000000e+000,1.489560e-008,0.005962,2.016603,1.000000e+000,1.000000e+000
,2,F1VL20180321_SF_PRC2_5m_4.20852.20852.3.0.dta,3,2956.462584,1.000000e+000,1.233796e-007,0.005916,2.001044,1.000000e+000,1.000000e+000
,3,F1VL20180321_SF_PRC2_5m_4.20877.20877.3.0.dta,3,2956.462738,1.000000e+000,2.325739e-004,0.006070,2.053133,1.000000e+000,1.000000e+000
22,GPLGSAAAITDMADLEELSR(1)-HMLTHSGDKPFK(9),3551.750716,null,HMBP_PrS_AEBP2_CD140(1)-HMBP_PrS_AEBP2_CD140(330)/,Intra-Protein
,1,F1VL20180321_SF_PRC2_5m_4.15468.15468.5.0.dta,5,3551.756905,1.000000e+000,2.378242e-016,0.006189,1.742521,1.000000e+000,1.000000e+000
,2,F1VL20180321_SF_PRC2_5m_4.15451.15451.5.0.dta,5,3551.756648,1.000000e+000,2.128689e-013,0.005932,1.670162,1.000000e+000,1.000000e+000
,3,F1VL20180321_SF_PRC2_5m_4.15458.15458.4.4.dta,4,3551.755679,1.000000e+000,2.447246e-002,0.004963,1.397339,1.000000e+000,1.000000e+000
23,GPLGSAAAITDMADLEELSR(1)-KLYSLLK(1),3018.606622,null,HMBP_PrS_AEBP2_CD140(1)-HMBP_PrS_SUZ12_CD137(464)/HMBP_PrS_AEBP2_CD140(1)-HMBP_PrS_JAZF1-SUZ12(495)/,Inter-Protein
,1,F1VL20180321_SF_PRC2_5m_4.19730.19730.3.0.dta,3,3018.611211,1.000000e+000,3.749371e-005,0.004589,1.520238,1.000000e+000,1.000000e+000
24,GPLGSAAAITDMADLEELSR(1)-LPKDTALLLDPNIYR(3),3896.035962,null,HMBP_PrS_AEBP2_CD140(1)-HMBP_PrS_AEBP2_CD140(486)/,Intra-Protein
,1,F1VL20180321_SF_PRC2_5m_4.20981.20981.3.0.dta,3,3896.036323,1.000000e+000,1.361806e-005,0.000361,0.092658,1.000000e+000,1.000000e+000
25,GPLGSAAAITDMADLEELSR(1)-STAPIAKPLATR(7),3379.777585,null,HMBP_PrS_AEBP2_CD140(1)-HMBP_PrS_SUZ12_CD137(380)/HMBP_PrS_AEBP2_CD140(1)-HMBP_PrS_JAZF1-SUZ12(411)/,Inter-Protein
,1,F1VL20180321_SF_PRC2_5m_4.18817.18817.3.0.dta,3,3379.779019,1.000000e+000,6.571249e-006,0.001434,0.424288,1.000000e+000,1.000000e+000
26,GPLGSAAAITDMADLEELSR(1)-TEILNQEWKQR(9),3598.805584,null,HMBP_PrS_AEBP2_CD140(1)-HMBP_PrS_EZH2(iso2-BsaI)_CD136(65)/,Inter-Protein
,1,F1VL20180321_SF_PRC2_5m_4.19289.19289.3.0.dta,3,3598.810850,1.000000e+000,3.302289e-001,0.005266,1.463263,1.000000e+000,1.000000e+000
27,GPLGSAAAITDMADLEELSR(1)-TKVVHLSK(2),3065.618581,null,HMBP_PrS_AEBP2_CD140(1)-HMBP_PrS_AEBP2_CD140(477)/,Intra-Protein
,1,F1VL20180321_SF_PRC2_5m_4.15979.15979.4.0.dta,4,3065.622067,1.000000e+000,4.497947e-012,0.003486,1.137128,1.000000e+000,1.000000e+000
28,GPLGSAAAITDMADLEELSR(1)-TMPQKR(5),2914.464731,null,HMBP_PrS_AEBP2_CD140(1)-HMBP_PrS_AEBP2_CD140(503)/,Intra-Protein
,1,F1VL20180321_SF_PRC2_5m_4.17379.17379.3.0.dta,3,2914.469094,1.000000e+000,6.494106e-007,0.004363,1.497016,1.000000e+000,1.000000e+000
,2,F1VL20180321_SF_PRC2_5m_4.17408.17408.3.0.dta,3,2914.468103,1.000000e+000,1.139609e-003,0.003372,1.156988,1.000000e+000,1.000000e+000
29,GPLGSAAAITDMADLEELSR(1)-VKSEYMR(2),3066.512070,null,HMBP_PrS_AEBP2_CD140(1)-HMBP_PrS_EZH2(iso2-BsaI)_CD136(24)/HMBP_PrS_AEBP2_CD140(1)-HMBP_PrS_EZH1(19)/,Inter-Protein
,1,F1VL20180321_SF_PRC2_5m_4.17959.17959.3.0.dta,3,3066.514093,1.000000e+000,1.249384e-010,0.002023,0.659707,1.000000e+000,1.000000e+000
,2,F1VL20180321_SF_PRC2_5m_4.17942.17942.3.0.dta,3,3066.513993,1.000000e+000,4.069279e-009,0.001923,0.627097,1.000000e+000,1.000000e+000
,3,F1VL20180321_SF_PRC2_5m_4.17967.17967.3.0.dta,3,3066.513858,1.000000e+000,1.583138e-006,0.001788,0.583073,1.000000e+000,1.000000e+000
30,GPLGSAAAITDMADLEELSR(1)-VSSQPKAK(6),2998.540000,null,HMBP_PrS_AEBP2_CD140(1)-HMBP_PrS_AEBP2_CD140(370)/,Intra-Protein
,1,F1VL20180321_SF_PRC2_5m_4.16604.16604.3.0.dta,3,2998.543290,1.000000e+000,4.577169e-008,0.003290,1.097201,1.000000e+000,1.000000e+000
31,GPLGSADKEAAFDDAVEER(1)-ATWETILDGKR(10),3403.665064,null,HMBP_PrS_RBBP4_CD139(1)-HMBP_PrS_SUZ12_CD137(346)/HMBP_PrS_RBBP4_CD139(1)-HMBP_PrS_JAZF1-SUZ12(377)/,Inter-Protein
,1,F1VL20180321_SF_PRC2_5m_4.15589.15589.4.0.dta,4,3403.670710,1.000000e+000,4.324735e-010,0.005646,1.658800,1.000000e+000,1.000000e+000
32,GPLGSADKEAAFDDAVEER(1)-GPLGSADKEAAFDDAVEER(8),4090.899798,null,HMBP_PrS_RBBP4_CD139(1)-HMBP_PrS_RBBP4_CD139(8)/,Inter-Protein
,1,F1VL20180321_SF_PRC2_5m_4.14445.14445.4.0.dta,4,4090.904862,1.000000e+000,4.138099e-004,0.005064,1.237869,1.000000e+000,1.000000e+000
33,GPLGSADKEAAFDDAVEER(1)-GPLGSGQTGK(1),3015.454026,null,HMBP_PrS_RBBP4_CD139(1)-HMBP_PrS_EZH2(iso2-BsaI)_CD136(1)/,Inter-Protein
,1,F1VL20180321_SF_PRC2_5m_4.13198.13198.3.0.dta,3,3015.458839,1.000000e+000,8.557101e-016,0.004813,1.596111,1.000000e+000,1.000000e+000
,2,F1VL20180321_SF_PRC2_5m_4.13217.13217.3.0.dta,3,3015.459577,1.000000e+000,8.583781e-003,0.005551,1.840850,1.000000e+000,1.000000e+000
34,GPLGSADKEAAFDDAVEER(1)-GPLGSMAPQK(1),3099.493779,null,HMBP_PrS_RBBP4_CD139(1)-HMBP_PrS_SUZ12_CD137(1)/,Inter-Protein
,1,F1VL20180321_SF_PRC2_5m_4.14738.14738.3.0.dta,3,3099.498279,1.000000e+000,3.064064e-024,0.004500,1.451850,1.000000e+000,1.000000e+000
,2,F1VL20180321_SF_PRC2_5m_4.14645.14645.3.0.dta,3,3099.498484,1.000000e+000,1.373295e-004,0.004705,1.517990,1.000000e+000,1.000000e+000
,3,F1VL20180321_SF_PRC2_5m_4.14739.14739.3.0.dta,3,3099.498279,1.000000e+000,1.589966e-002,0.004500,1.451850,1.000000e+000,1.000000e+000
,4,F1VL20180321_SF_PRC2_5m_4.14669.14669.3.0.dta,3,3099.498265,1.000000e+000,2.111108e-002,0.004486,1.447333,1.000000e+000,1.000000e+000
,5,F1VL20180321_SF_PRC2_5m_4.14682.14682.4.2.dta,4,3099.499617,1.000000e+000,2.145153e-001,0.005838,1.883533,1.000000e+000,1.000000e+000
35,GPLGSADKEAAFDDAVEER(1)-GPLGSSER(1),2916.385617,null,HMBP_PrS_RBBP4_CD139(1)-HMBP_PrS_EED_CD138(1)/,Inter-Protein
,1,F1VL20180321_SF_PRC2_5m_4.13545.13545.3.0.dta,3,2916.390816,1.000000e+000,1.534639e-007,0.005199,1.782686,1.000000e+000,1.000000e+000
,2,F1VL20180321_SF_PRC2_5m_4.13468.13468.3.0.dta,3,2916.388527,1.000000e+000,1.156545e-002,0.002910,0.997810,1.000000e+000,1.000000e+000
,3,F1VL20180321_SF_PRC2_5m_4.13483.13483.3.0.dta,3,2916.389196,1.000000e+000,1.744819e-001,0.003579,1.227204,1.000000e+000,1.000000e+000
,4,F1VL20180321_SF_PRC2_5m_4.13448.13448.3.0.dta,3,2916.389796,1.000000e+000,2.109581e-001,0.004179,1.432938,1.000000e+000,1.000000e+000
36,GPLGSADKEAAFDDAVEER(1)-LPKDTALLLDPNIYR(3),3855.964911,null,HMBP_PrS_RBBP4_CD139(1)-HMBP_PrS_AEBP2_CD140(486)/,Inter-Protein
,1,F1VL20180321_SF_PRC2_5m_4.16827.16827.4.0.dta,4,3855.968117,1.000000e+000,1.446238e-009,0.003206,0.831439,1.000000e+000,1.000000e+000
,2,F1VL20180321_SF_PRC2_5m_4.16803.16803.4.0.dta,4,3855.970127,1.000000e+000,3.657922e-007,0.005216,1.352709,1.000000e+000,1.000000e+000
,3,F1VL20180321_SF_PRC2_5m_4.16823.16823.4.0.dta,4,3855.967554,1.000000e+000,1.675160e-005,0.002643,0.685432,1.000000e+000,1.000000e+000
37,GPLGSADKEAAFDDAVEER(1)-TFVAQMTVFDKNR(11),3670.769200,null,HMBP_PrS_RBBP4_CD139(1)-HMBP_PrS_SUZ12_CD137(309)/HMBP_PrS_RBBP4_CD139(1)-HMBP_PrS_JAZF1-SUZ12(340)/,Inter-Protein
,1,F1VL20180321_SF_PRC2_5m_4.15174.15174.4.0.dta,4,3670.774216,1.000000e+000,9.334773e-004,0.005016,1.366471,1.000000e+000,1.000000e+000
38,GPLGSADKEAAFDDAVEER(1)-TMPQKR(5),2874.393680,null,HMBP_PrS_RBBP4_CD139(1)-HMBP_PrS_AEBP2_CD140(503)/,Inter-Protein
,1,F1VL20180321_SF_PRC2_5m_4.9909.9909.3.0.dta,3,2874.399260,1.000000e+000,3.992303e-002,0.005580,1.941279,1.000000e+000,1.000000e+000
39,GPLGSADKEAAFDDAVEER(1)-VINEEYKIWK(7),3435.695302,null,HMBP_PrS_RBBP4_CD139(1)-HMBP_PrS_RBBP4_CD139(26)/HMBP_PrS_RBBP4_CD139(1)-HMBP_PrS_RBBP7(20)/,Intra-Protein
,1,F1VL20180321_SF_PRC2_5m_4.13827.13827.4.0.dta,4,3435.707096,1.000000e+000,3.915531e-010,0.011794,3.432784,1.000000e+000,1.000000e+000
,2,F1VL20180321_SF_PRC2_5m_4.13846.13846.4.0.dta,4,3435.705951,1.000000e+000,3.750148e-007,0.010649,3.099518,1.000000e+000,1.000000e+000
40,GPLGSGQTGK(1)-GPLGSSER(1),1840.939845,null,HMBP_PrS_EZH2(iso2-BsaI)_CD136(1)-HMBP_PrS_EED_CD138(1)/,Inter-Protein
,1,F1VL20180321_SF_PRC2_5m_4.10679.10679.2.0.dta,2,1840.943889,1.000000e+000,5.296739e-014,0.004044,2.196704,1.000000e+000,1.000000e+000
,2,F1VL20180321_SF_PRC2_5m_4.10678.10678.2.0.dta,2,1840.943889,1.000000e+000,1.122009e-012,0.004044,2.196704,1.000000e+000,1.000000e+000
,3,F1VL20180321_SF_PRC2_5m_4.10782.10782.2.0.dta,2,1840.945646,1.000000e+000,1.493266e-009,0.005801,3.151108,1.000000e+000,1.000000e+000
,4,F1VL20180321_SF_PRC2_5m_4.10716.10716.3.0.dta,3,1840.944324,1.000000e+000,4.033342e-007,0.004479,2.432996,1.000000e+000,1.000000e+000
,5,F1VL20180321_SF_PRC2_5m_4.10783.10783.2.0.dta,2,1840.945646,1.000000e+000,1.050058e-004,0.005801,3.151108,1.000000e+000,1.000000e+000
,6,F1VL20180321_SF_PRC2_5m_4.10680.10680.2.0.dta,2,1840.943889,1.000000e+000,6.837447e-003,0.004044,2.196704,1.000000e+000,1.000000e+000
,7,F1VL20180321_SF_PRC2_5m_4.10784.10784.2.0.dta,2,1840.945646,1.000000e+000,4.048594e-001,0.005801,3.151108,1.000000e+000,1.000000e+000
,8,F1VL20180321_SF_PRC2_5m_4.10681.10681.2.0.dta,2,1840.943889,1.000000e+000,6.790089e-001,0.004044,2.196704,1.000000e+000,1.000000e+000
41,GPLGSGQTGKK(1)-GPLGSSER(1),1969.034801,null,HMBP_PrS_EZH2(iso2-BsaI)_CD136(1)-HMBP_PrS_EED_CD138(1)/,Inter-Protein
,1,F1VL20180321_SF_PRC2_5m_4.7711.7711.3.0.dta,3,1969.039073,1.000000e+000,4.106129e-008,0.004272,2.169591,1.000000e+000,1.000000e+000
,2,F1VL20180321_SF_PRC2_5m_4.7727.7727.3.0.dta,3,1969.039100,1.000000e+000,4.165329e-007,0.004299,2.183303,1.000000e+000,1.000000e+000
42,GPLGSMAPQK(1)-GPLGSGQTGK(1),2024.048007,null,HMBP_PrS_SUZ12_CD137(1)-HMBP_PrS_EZH2(iso2-BsaI)_CD136(1)/,Inter-Protein
,1,F1VL20180321_SF_PRC2_5m_4.13091.13091.3.1.dta,3,2024.043265,1.000000e+000,4.893565e-012,-0.004742,-2.342830,1.000000e+000,1.000000e+000
,2,F1VL20180321_SF_PRC2_5m_4.13048.13048.2.0.dta,2,2024.054358,1.000000e+000,6.410446e-002,0.006351,3.137771,1.000000e+000,1.000000e+000
,3,F1VL20180321_SF_PRC2_5m_4.13049.13049.2.0.dta,2,2024.054358,1.000000e+000,7.868716e-001,0.006351,3.137771,1.000000e+000,1.000000e+000
43,GPLGSMAPQK(1)-GPLGSMAPQK(1),2108.087759,null,HMBP_PrS_SUZ12_CD137(1)-HMBP_PrS_SUZ12_CD137(1)/,Inter-Protein
,1,F1VL20180321_SF_PRC2_5m_4.15201.15201.3.3.dta,3,2108.090182,1.000000e+000,4.344482e-001,0.002423,1.149383,1.000000e+000,1.000000e+000
44,GPLGSMAPQK(1)-GPLGSSER(1),1924.979598,null,HMBP_PrS_SUZ12_CD137(1)-HMBP_PrS_EED_CD138(1)/,Inter-Protein
,1,F1VL20180321_SF_PRC2_5m_4.13438.13438.3.0.dta,3,1924.983351,1.000000e+000,1.109419e-011,0.003753,1.949631,1.000000e+000,1.000000e+000
45,GPLGSMAPQK(1)-IGIFAKR(6),1927.083273,null,HMBP_PrS_SUZ12_CD137(1)-HMBP_PrS_EZH2(iso2-BsaI)_CD136(722)/HMBP_PrS_SUZ12_CD137(1)-HMBP_PrS_EZH1(713)/,Inter-Protein
,1,F1VL20180321_SF_PRC2_5m_4.13490.13490.3.0.dta,3,1927.086235,1.000000e+000,5.018525e-011,0.002962,1.537038,1.000000e+000,1.000000e+000
46,GPLGSSER(1)-SWGKGK(4),1601.828123,null,HMBP_PrS_EED_CD138(1)-HMBP_PrS_EED_CD138(74)/,Intra-Protein
,1,F1VL20180321_SF_PRC2_5m_4.7804.7804.3.0.dta,3,1601.830221,1.000000e+000,1.545282e-013,0.002098,1.309754,1.000000e+000,1.000000e+000
,2,F1VL20180321_SF_PRC2_5m_4.7798.7798.2.0.dta,2,1601.830886,1.000000e+000,3.157991e-011,0.002763,1.724904,1.000000e+000,1.000000e+000
,3,F1VL20180321_SF_PRC2_5m_4.7775.7775.3.1.dta,3,1601.830511,1.000000e+000,3.292993e-003,0.002388,1.490797,1.000000e+000,1.000000e+000
,4,F1VL20180321_SF_PRC2_5m_4.7799.7799.2.0.dta,2,1601.830886,1.000000e+000,9.660427e-003,0.002763,1.724904,1.000000e+000,1.000000e+000
47,HLLLAPSDVAGWGIFIKDPVQKNEFISEYCGEIISQDEADRR(17)-AQCNTKQCPCYLAVR(6),6822.320837,Carbamidomethyl[C](30);Carbamidomethyl[C](48);Carbamidomethyl[C](53);Carbamidomethyl[C](55),HMBP_PrS_EZH2(iso2-BsaI)_CD136(638)-HMBP_PrS_EZH2(iso2-BsaI)_CD136(578)/,Intra-Protein
,1,F1VL20180321_SF_PRC2_5m_4.17083.17083.6.0.dta,6,6822.331779,1.000000e+000,4.858818e-007,0.010942,1.603853,1.000000e+000,1.000000e+000
48,HLLLAPSDVAGWGIFIKDPVQKNEFISEYCGEIISQDEADRR(22)-AQCNTKQCPCYLAVR(6),6822.320837,Carbamidomethyl[C](30);Carbamidomethyl[C](48);Carbamidomethyl[C](53);Carbamidomethyl[C](55),HMBP_PrS_EZH2(iso2-BsaI)_CD136(643)-HMBP_PrS_EZH2(iso2-BsaI)_CD136(578)/,Intra-Protein
,1,F1VL20180321_SF_PRC2_5m_4.17113.17113.6.0.dta,6,6822.331582,1.000000e+000,3.067111e-011,0.010745,1.574977,1.000000e+000,1.000000e+000
,2,F1VL20180321_SF_PRC2_5m_4.17118.17118.6.0.dta,6,6822.331582,1.000000e+000,6.293176e-009,0.010745,1.574977,1.000000e+000,1.000000e+000
,3,F1VL20180321_SF_PRC2_5m_4.17082.17082.6.0.dta,6,6822.331779,1.000000e+000,3.624061e-007,0.010942,1.603853,1.000000e+000,1.000000e+000
49,HLLLAPSDVAGWGIFIKDPVQKNEFISEYCGEIISQDEADRR(22)-IGIFAKR(6),5757.973500,Carbamidomethyl[C](30),HMBP_PrS_EZH2(iso2-BsaI)_CD136(643)-HMBP_PrS_EZH2(iso2-BsaI)_CD136(722)/HMBP_PrS_EZH2(iso2-BsaI)_CD136(643)-HMBP_PrS_EZH1(713)/,Intra-Protein
,1,F1VL20180321_SF_PRC2_5m_4.18329.18329.6.0.dta,6,5757.987423,1.000000e+000,2.267313e-007,0.013923,2.418038,1.000000e+000,1.000000e+000
,2,F1VL20180321_SF_PRC2_5m_4.18353.18353.6.0.dta,6,5757.986717,1.000000e+000,1.128297e-006,0.013217,2.295426,1.000000e+000,1.000000e+000
,3,F1VL20180321_SF_PRC2_5m_4.18356.18356.6.0.dta,6,5757.986717,1.000000e+000,8.731191e-006,0.013217,2.295426,1.000000e+000,1.000000e+000
50,HMLTHSGDKPFK(9)-GPLGSGQTGK(1),2436.233893,null,HMBP_PrS_AEBP2_CD140(330)-HMBP_PrS_EZH2(iso2-BsaI)_CD136(1)/,Inter-Protein
,1,F1VL20180321_SF_PRC2_5m_4.6537.6537.3.0.dta,3,2436.238650,1.000000e+000,5.643424e-002,0.004757,1.952604,1.000000e+000,1.000000e+000
51,IFEAISSMFPDKGTAEELKEK(12)-VKSEYMR(2),3419.711150,null,HMBP_PrS_EZH2(iso2-BsaI)_CD136(238)-HMBP_PrS_EZH2(iso2-BsaI)_CD136(24)/HMBP_PrS_EZH2(iso2-BsaI)_CD136(238)-HMBP_PrS_EZH1(19)/,Intra-Protein
,1,F1VL20180321_SF_PRC2_5m_4.13390.13390.5.0.dta,5,3419.718616,1.000000e+000,8.572865e-006,0.007466,2.183225,1.000000e+000,1.000000e+000
,2,F1VL20180321_SF_PRC2_5m_4.13401.13401.4.1.dta,4,3419.718465,1.000000e+000,3.055047e-005,0.007315,2.139070,1.000000e+000,1.000000e+000
52,KSEKGPVCWR(1)-GPLGSGQTGK(1),2285.170570,Carbamidomethyl[C](8),HMBP_PrS_EZH2(iso2-BsaI)_CD136(11)-HMBP_PrS_EZH2(iso2-BsaI)_CD136(1)/,Intra-Protein
,1,F1VL20180321_SF_PRC2_5m_4.6967.6967.3.0.dta,3,2285.173125,1.000000e+000,1.295953e-017,0.002555,1.118078,1.000000e+000,1.000000e+000
,2,F1VL20180321_SF_PRC2_5m_4.6979.6979.4.0.dta,4,2285.173692,1.000000e+000,5.396019e-016,0.003122,1.366200,1.000000e+000,1.000000e+000
,3,F1VL20180321_SF_PRC2_5m_4.6975.6975.3.0.dta,3,2285.173354,1.000000e+000,5.097428e-011,0.002784,1.218290,1.000000e+000,1.000000e+000
,4,F1VL20180321_SF_PRC2_5m_4.6962.6962.3.1.dta,3,2285.173125,1.000000e+000,3.227775e-005,0.002555,1.118078,1.000000e+000,1.000000e+000
53,KSEKGPVCWR(4)-GPLGSGQTGK(1),2285.170570,Carbamidomethyl[C](8),HMBP_PrS_EZH2(iso2-BsaI)_CD136(14)-HMBP_PrS_EZH2(iso2-BsaI)_CD136(1)/,Intra-Protein
,1,F1VL20180321_SF_PRC2_5m_4.7563.7563.3.0.dta,3,2285.176007,1.000000e+000,5.206912e-021,0.005437,2.379253,1.000000e+000,1.000000e+000
,2,F1VL20180321_SF_PRC2_5m_4.7587.7587.4.0.dta,4,2285.174612,1.000000e+000,5.394022e-014,0.004042,1.768796,1.000000e+000,1.000000e+000
,3,F1VL20180321_SF_PRC2_5m_4.7589.7589.3.0.dta,3,2285.175876,1.000000e+000,6.762011e-003,0.005306,2.321927,1.000000e+000,1.000000e+000
54,LPKDTALLLDPNIYR(3)-GPLGSGQTGK(1),2780.519139,null,HMBP_PrS_AEBP2_CD140(486)-HMBP_PrS_EZH2(iso2-BsaI)_CD136(1)/,Inter-Protein
,1,F1VL20180321_SF_PRC2_5m_4.16393.16393.3.0.dta,3,2780.524302,1.000000e+000,7.706028e-006,0.005163,1.856847,1.000000e+000,1.000000e+000
55,LPKDTALLLDPNIYR(3)-GPLGSSER(1),2681.450730,null,HMBP_PrS_AEBP2_CD140(486)-HMBP_PrS_EED_CD138(1)/,Inter-Protein
,1,F1VL20180321_SF_PRC2_5m_4.16668.16668.3.0.dta,3,2681.454356,1.000000e+000,3.222397e-002,0.003626,1.352253,1.000000e+000,1.000000e+000
56,LPKDTALLLDPNIYR(3)-TKVVHLSK(2),2790.612643,null,HMBP_PrS_AEBP2_CD140(486)-HMBP_PrS_AEBP2_CD140(477)/,Intra-Protein
,1,F1VL20180321_SF_PRC2_5m_4.12384.12384.4.0.dta,4,2790.621313,1.000000e+000,5.248992e-011,0.008670,3.106845,1.000000e+000,1.000000e+000
57,LPKDTALLLDPNIYR(3)-TMPQKR(5),2639.458793,null,HMBP_PrS_AEBP2_CD140(486)-HMBP_PrS_AEBP2_CD140(503)/,Intra-Protein
,1,F1VL20180321_SF_PRC2_5m_4.13070.13070.4.0.dta,4,2639.465500,1.000000e+000,1.172752e-004,0.006707,2.541051,1.000000e+000,1.000000e+000
58,LYVWDLEVEDPHKAK(13)-GPLGSSER(1),2781.409260,null,HMBP_PrS_EED_CD138(402)-HMBP_PrS_EED_CD138(1)/,Intra-Protein
,1,F1VL20180321_SF_PRC2_5m_4.13980.13980.4.1.dta,4,2781.414483,1.000000e+000,2.546438e-007,0.005223,1.877825,1.000000e+000,1.000000e+000
59,MEHVQADHELFLQAFEKPTQIYR(17)-GPLGSADKEAAFDDAVEER(1),4944.378279,null,HMBP_PrS_SUZ12_CD137(97)-HMBP_PrS_RBBP4_CD139(1)/,Inter-Protein
,1,F1VL20180321_SF_PRC2_5m_4.15148.15148.6.0.dta,6,4944.371900,1.000000e+000,4.648114e-016,-0.006379,-1.290152,1.000000e+000,1.000000e+000
,2,F1VL20180321_SF_PRC2_5m_4.15138.15138.5.0.dta,5,4944.386630,1.000000e+000,2.924698e-014,0.008351,1.688989,1.000000e+000,1.000000e+000
,3,F1VL20180321_SF_PRC2_5m_4.15144.15144.5.0.dta,5,4944.386630,1.000000e+000,2.101647e-012,0.008351,1.688989,1.000000e+000,1.000000e+000
,4,F1VL20180321_SF_PRC2_5m_4.15164.15164.5.0.dta,5,4944.385932,1.000000e+000,2.105706e-010,0.007653,1.547818,1.000000e+000,1.000000e+000
,5,F1VL20180321_SF_PRC2_5m_4.15162.15162.5.0.dta,5,4944.385932,1.000000e+000,6.946102e-008,0.007653,1.547818,1.000000e+000,1.000000e+000
,6,F1VL20180321_SF_PRC2_5m_4.15140.15140.4.1.dta,4,4944.381329,1.000000e+000,1.969922e-001,0.003050,0.616862,1.000000e+000,1.000000e+000
60,MEHVQADHELFLQAFEKPTQIYR(17)-GPLGSMAPQK(1),3952.972260,null,HMBP_PrS_SUZ12_CD137(97)-HMBP_PrS_SUZ12_CD137(1)/,Intra-Protein
,1,F1VL20180321_SF_PRC2_5m_4.15313.15313.5.0.dta,5,3952.979043,1.000000e+000,9.506506e-015,0.006783,1.715924,1.000000e+000,1.000000e+000
,2,F1VL20180321_SF_PRC2_5m_4.15309.15309.4.0.dta,4,3952.975124,1.000000e+000,9.486797e-006,0.002864,0.724518,1.000000e+000,1.000000e+000
61,MEHVQADHELFLQAFEKPTQIYR(17)-VINEEYKIWK(7),4289.173783,null,HMBP_PrS_SUZ12_CD137(97)-HMBP_PrS_RBBP4_CD139(26)/HMBP_PrS_SUZ12_CD137(97)-HMBP_PrS_RBBP7(20)/,Inter-Protein
,1,F1VL20180321_SF_PRC2_5m_4.14661.14661.5.0.dta,5,4289.182263,1.000000e+000,6.850999e-001,0.008480,1.977071,1.000000e+000,1.000000e+000
62,NREDGEKTFVAQMTVFDK(7)-KYFDFDR(1),3258.541061,Oxidation[M](13),HMBP_PrS_SUZ12_CD137(298)-HMBP_PrS_PHF1(271)/HMBP_PrS_JAZF1-SUZ12(329)-HMBP_PrS_PHF1(271)/,Inter-Protein
,1,F1VL20180321_SF_PRC2_5m_4.8257.8257.5.1.dta,5,3258.542937,1.000000e+000,2.783401e-001,0.001876,0.575718,1.000000e+000,1.000000e+000
63,QVPLNPDLNQTKPGNFPSLAVSSNEFEPSNSHMVKSYSLLFR(35)-STAPIAKPLATR(7),6052.127419,null,HMBP_PrS_SUZ12_CD137(251)-HMBP_PrS_SUZ12_CD137(380)/HMBP_PrS_SUZ12_CD137(251)-HMBP_PrS_JAZF1-SUZ12(411)/HMBP_PrS_JAZF1-SUZ12(282)-HMBP_PrS_SUZ12_CD137(380)/HMBP_PrS_JAZF1-SUZ12(282)-HMBP_PrS_JAZF1-SUZ12(411)/,Intra-Protein
,1,F1VL20180321_SF_PRC2_5m_4.15537.15537.6.0.dta,6,6052.138215,1.000000e+000,7.538354e-002,0.010796,1.783836,1.000000e+000,1.000000e+000
64,SCENAIVCWKPGKMEDDIDK(13)-IKPSESNVTILGR(2),3945.939301,Carbamidomethyl[C](2);Carbamidomethyl[C](8),HMBP_PrS_EED_CD138(339)-HMBP_PrS_EED_CD138(348)/,Intra-Protein
,1,F1VL20180321_SF_PRC2_5m_4.14236.14236.5.0.dta,5,3945.944424,1.000000e+000,5.342965e-008,0.005123,1.298297,1.000000e+000,1.000000e+000
65,SCENAIVCWKPGKMEDDIDKIK(20)-ISAKAEELR(4),3789.885816,Carbamidomethyl[C](2);Carbamidomethyl[C](8),HMBP_PrS_EED_CD138(346)-gi|CON_IPI00695965.1|SWISS-PROT:Q32PJ2 (259)/,Inter-Protein
,1,F1VL20180321_SF_PRC2_5m_4.11471.11471.5.0.dta,5,3789.868620,1.000000e+000,4.254812e-001,-0.017196,-4.537340,1.000000e+000,1.000000e+000
66,SCENAIVCWKPGKMEDDIDKIK(20)-KLVEGEEGR(1),3789.849431,Carbamidomethyl[C](2);Carbamidomethyl[C](8),HMBP_PrS_EED_CD138(346)-gi|CON_IPI00853265.1|SWISS-PROT:Q6KB66-1 (385)/,Inter-Protein
,1,F1VL20180321_SF_PRC2_5m_4.11500.11500.5.0.dta,5,3789.869854,1.000000e+000,4.504415e-001,0.020423,5.388868,1.000000e+000,1.000000e+000
67,SEKGPVCWR(3)-GPLGSGQTGK(1),2157.075614,Carbamidomethyl[C](7),HMBP_PrS_EZH2(iso2-BsaI)_CD136(14)-HMBP_PrS_EZH2(iso2-BsaI)_CD136(1)/,Intra-Protein
,1,F1VL20180321_SF_PRC2_5m_4.9780.9780.3.0.dta,3,2157.080065,1.000000e+000,1.321472e-017,0.004451,2.063442,1.000000e+000,1.000000e+000
,2,F1VL20180321_SF_PRC2_5m_4.9760.9760.3.0.dta,3,2157.080117,1.000000e+000,2.967074e-015,0.004503,2.087549,1.000000e+000,1.000000e+000
68,SIHVDGQRGGVFVCLWKGCKVYNTPSTSQSWLQR(17)-KMSMKIR(5),4997.515528,Carbamidomethyl[C](14);Carbamidomethyl[C](19);Oxidation[M](41),HMBP_PrS_AEBP2_CD140(304)-gi|CON_IPI00709763.3|SWISS-PROT:P02676 (487)/,Inter-Protein
,1,F1VL20180321_SF_PRC2_5m_4.8338.8338.4.1.dta,4,4997.519251,1.000000e+000,1.640922e-001,0.003723,0.744970,1.000000e+000,1.000000e+000
69,TEILNQEWKQR(9)-GPLGSSER(1),2384.220352,null,HMBP_PrS_EZH2(iso2-BsaI)_CD136(65)-HMBP_PrS_EED_CD138(1)/,Inter-Protein
,1,F1VL20180321_SF_PRC2_5m_4.11493.11493.3.0.dta,3,2384.225631,1.000000e+000,6.857657e-009,0.005279,2.214141,1.000000e+000,1.000000e+000
,2,F1VL20180321_SF_PRC2_5m_4.11513.11513.3.0.dta,3,2384.225566,1.000000e+000,6.427560e-007,0.005214,2.186878,1.000000e+000,1.000000e+000
70,TFVAQMTVFDKNR(11)-TKVVHLSK(2),2605.416932,null,HMBP_PrS_SUZ12_CD137(309)-HMBP_PrS_AEBP2_CD140(477)/HMBP_PrS_JAZF1-SUZ12(340)-HMBP_PrS_AEBP2_CD140(477)/,Inter-Protein
,1,F1VL20180321_SF_PRC2_5m_4.10416.10416.4.0.dta,4,2605.422724,1.000000e+000,6.179557e-017,0.005792,2.223061,1.000000e+000,1.000000e+000
,2,F1VL20180321_SF_PRC2_5m_4.10413.10413.3.0.dta,3,2605.422554,1.000000e+000,3.553564e-010,0.005622,2.157812,1.000000e+000,1.000000e+000
71,TFVAQMTVFDKNRR(11)-TKVVHLSK(2),2761.518034,null,HMBP_PrS_SUZ12_CD137(309)-HMBP_PrS_AEBP2_CD140(477)/HMBP_PrS_JAZF1-SUZ12(340)-HMBP_PrS_AEBP2_CD140(477)/,Inter-Protein
,1,F1VL20180321_SF_PRC2_5m_4.9026.9026.3.0.dta,3,2761.522986,1.000000e+000,1.444836e-007,0.004952,1.793217,1.000000e+000,1.000000e+000
,2,F1VL20180321_SF_PRC2_5m_4.9042.9042.5.0.dta,5,2761.522574,1.000000e+000,7.612586e-006,0.004540,1.644023,1.000000e+000,1.000000e+000
,3,F1VL20180321_SF_PRC2_5m_4.9027.9027.4.0.dta,4,2761.523005,1.000000e+000,2.546449e-005,0.004971,1.800097,1.000000e+000,1.000000e+000
,4,F1VL20180321_SF_PRC2_5m_4.9057.9057.5.0.dta,5,2761.522627,1.000000e+000,5.511457e-004,0.004593,1.663216,1.000000e+000,1.000000e+000
,5,F1VL20180321_SF_PRC2_5m_4.9060.9060.4.0.dta,4,2761.523073,1.000000e+000,6.755768e-003,0.005039,1.824721,1.000000e+000,1.000000e+000
,6,F1VL20180321_SF_PRC2_5m_4.9147.9147.4.0.dta,4,2761.522430,1.000000e+000,4.730585e-002,0.004396,1.591878,1.000000e+000,1.000000e+000
,7,F1VL20180321_SF_PRC2_5m_4.9044.9044.4.0.dta,4,2761.523134,1.000000e+000,7.869294e-002,0.005100,1.846810,1.000000e+000,1.000000e+000
72,TPSSDVLVFDYTKHPSKPDPSGECNPDLR(13)-EGKVVDAK(3),4241.070499,Carbamidomethyl[C](24),HMBP_PrS_RBBP4_CD139(160)-HMBP_PrS_RBBP4_CD139(219)/,Intra-Protein
,1,F1VL20180321_SF_PRC2_5m_4.9677.9677.5.0.dta,5,4241.079324,1.000000e+000,1.471307e-010,0.008825,2.080843,1.000000e+000,1.000000e+000
,2,F1VL20180321_SF_PRC2_5m_4.9699.9699.6.0.dta,6,4241.078212,1.000000e+000,2.484094e-006,0.007713,1.818645,1.000000e+000,1.000000e+000
,3,F1VL20180321_SF_PRC2_5m_4.9681.9681.4.0.dta,4,4241.080204,1.000000e+000,7.434688e-004,0.009705,2.288337,1.000000e+000,1.000000e+000
73,VKSEYMR(2)-GPLGSGQTGK(1),1950.995247,null,HMBP_PrS_EZH2(iso2-BsaI)_CD136(24)-HMBP_PrS_EZH2(iso2-BsaI)_CD136(1)/HMBP_PrS_EZH1(19)-HMBP_PrS_EZH2(iso2-BsaI)_CD136(1)/,Intra-Protein
,1,F1VL20180321_SF_PRC2_5m_4.7252.7252.3.0.dta,3,1951.001734,1.000000e+000,8.574105e-017,0.006487,3.324970,1.000000e+000,1.000000e+000
,2,F1VL20180321_SF_PRC2_5m_4.7267.7267.3.0.dta,3,1951.001772,1.000000e+000,7.710023e-012,0.006525,3.344447,1.000000e+000,1.000000e+000
,3,F1VL20180321_SF_PRC2_5m_4.7260.7260.2.0.dta,2,1951.001215,1.000000e+000,4.341827e-007,0.005968,3.058952,1.000000e+000,1.000000e+000
74,VKSEYMR(2)-GPLGSSER(1),1851.926838,null,HMBP_PrS_EZH2(iso2-BsaI)_CD136(24)-HMBP_PrS_EED_CD138(1)/HMBP_PrS_EZH1(19)-HMBP_PrS_EED_CD138(1)/,Inter-Protein
,1,F1VL20180321_SF_PRC2_5m_4.7595.7595.3.0.dta,3,1851.929484,1.000000e+000,1.314546e-014,0.002646,1.428782,1.000000e+000,1.000000e+000
75,YSQADALKYVGIER(8)-IGIFAKR(6),2554.402665,null,HMBP_PrS_EZH2(iso2-BsaI)_CD136(744)-HMBP_PrS_EZH2(iso2-BsaI)_CD136(722)/HMBP_PrS_EZH2(iso2-BsaI)_CD136(744)-HMBP_PrS_EZH1(713)/HMBP_PrS_EZH1(735)-HMBP_PrS_EZH2(iso2-BsaI)_CD136(722)/HMBP_PrS_EZH1(735)-HMBP_PrS_EZH1(713)/,Intra-Protein
,1,F1VL20180321_SF_PRC2_5m_4.13777.13777.4.0.dta,4,2554.407563,1.000000e+000,2.772545e-009,0.004898,1.917474,1.000000e+000,1.000000e+000
,2,F1VL20180321_SF_PRC2_5m_4.13786.13786.4.0.dta,4,2554.407612,1.000000e+000,2.439049e-006,0.004947,1.936656,1.000000e+000,1.000000e+000
,3,F1VL20180321_SF_PRC2_5m_4.13776.13776.3.0.dta,3,2554.409574,1.000000e+000,5.075549e-005,0.006909,2.704742,1.000000e+000,1.000000e+000
